9.993505911213749204e-01
9.996951393279689402e-01
9.992510935526521809e-01
9.983386526348680956e-01
9.971513039316004523e-01
9.921518807373878035e-01
9.964245528299301435e-01
9.985083504636843577e-01
9.667170564352498552e-01
9.920811885383885587e-01
9.968933198586242828e-01
9.991985631795954337e-01
9.986717492498473625e-01
9.993705420373183435e-01
9.994834733288646689e-01
9.992588634102799183e-01
9.826726159183103437e-01
9.953216274527982854e-01
9.980958092111742452e-01
9.930871864932997450e-01
9.996071850733938557e-01
9.995171857871503196e-01
9.968899228231848930e-01
9.980696013390302213e-01
9.985089641615692013e-01
9.994994718705303427e-01
9.970456983148670016e-01
9.989901730358454746e-01
9.987503348304769268e-01
9.996588571441044069e-01
9.994521526409188006e-01
9.816776333084626938e-01
9.983498950020631701e-01
9.980122431205935563e-01
9.991810518945675179e-01
9.950200620990088396e-01
9.987579704741764708e-01
9.510286462905593874e-01
9.990862996035033694e-01
9.897384978212698803e-01
9.971007574679493501e-01
9.964304057670593240e-01
9.990091571141963556e-01
9.995878770127670787e-01
9.988453368646507124e-01
9.989094141580096009e-01
9.991219427056202695e-01
9.987453022060086560e-01
9.986976460700451863e-01
9.979369035243673691e-01
9.994864671972973902e-01
9.998329181987820613e-01
9.974886465954149184e-01
9.973611389903797031e-01
9.813539518604976752e-01
9.995796751814252090e-01
9.979275448376474511e-01
9.951077332633809780e-01
9.956808358808403314e-01
9.982042906164232399e-01
9.974758556804808052e-01
9.994561294622171799e-01
9.986193636170237475e-01
9.992330046256352460e-01
9.969723443870494028e-01
9.991274863551242724e-01
9.966148029845958156e-01
9.684804871024551565e-01
9.971377573259967431e-01
9.937048726808254129e-01
9.991972625810233710e-01
9.977133915316718227e-01
9.506584978440878464e-01
9.984761497001608532e-01
9.953570636678542582e-01
9.974755421611632977e-01
9.994337529337017356e-01
9.987860682334208651e-01
9.987000567532295925e-01
9.993794587765443271e-01
9.996908952629848244e-01
9.977775542750356719e-01
9.982613225770818888e-01
9.916216365101553354e-01
9.985100407121377808e-01
9.977521208670753206e-01
9.939517204545014195e-01
9.963525309214209535e-01
9.992782315740742494e-01
9.984221138584792321e-01
9.994527293754267294e-01
9.977391222841822671e-01
9.964836319983266799e-01
9.901728001999984263e-01
9.993147706120946161e-01
9.986423542873423820e-01
9.990958751447780450e-01
9.988793895030452230e-01
9.988335116739009978e-01
9.939861380274325198e-01
9.981599770319664611e-01
9.957169446631564114e-01
9.994878686314503380e-01
9.983720446995832942e-01
9.989425342310642719e-01
9.996292032051506959e-01
9.989611118973841242e-01
9.946977532864827998e-01
9.994779662969937029e-01
9.984346748017534079e-01
9.980993520156655752e-01
9.992703508530111911e-01
9.970132500598676284e-01
9.997236560729372279e-01
9.977153440099240100e-01
9.952851871601970934e-01
9.993105302198175277e-01
9.986874299525140275e-01
9.990205909427170017e-01
9.990206122050431237e-01
9.991745783581704732e-01
9.949570049128030336e-01
9.994208589001012388e-01
9.991583628435243281e-01
9.939861133055624132e-01
9.992599420238987840e-01
9.939914603232549162e-01
9.975367148267687556e-01
9.997580182382408420e-01
9.974103838791272825e-01
9.972656603933841568e-01
9.987086423254030176e-01
9.993092969562429317e-01
9.991706987675361695e-01
9.995499568769359300e-01
9.974038264086484418e-01
9.989528316676031805e-01
9.125000580619261337e-01
9.980287624418272552e-01
9.980817924708675903e-01
9.705753970601792568e-01
9.985037395850555608e-01
9.951236468956334846e-01
9.982977936655959006e-01
9.983315178450118399e-01
9.977288658308663960e-01
9.989074939981879009e-01
9.981041902870446680e-01
9.971099867756935131e-01
9.992439391499146062e-01
9.984288374084210327e-01
9.995071282178988881e-01
9.996232314767520277e-01
9.992040360506415642e-01
9.987610577443313264e-01
9.980532640712038717e-01
9.982171845525638076e-01
9.980924841689555738e-01
9.986903270137956756e-01
9.986464575594820037e-01
9.971197608704719384e-01
9.993391587831610412e-01
9.994710069303691657e-01
9.688934996006375311e-01
9.986211085523506448e-01
9.967206346132835293e-01
9.983520798833226406e-01
9.980685268605921090e-01
9.962556356586833584e-01
9.992844690196729385e-01
9.997295706401559956e-01
9.957487535604565565e-01
9.991839352834782639e-01
9.992273006512119027e-01
9.986570132578977965e-01
9.992451672366295945e-01
9.973429480615714215e-01
9.864839087242072146e-01
9.980685924947017007e-01
9.987244944467135177e-01
9.976013097080286274e-01
9.991973533037998845e-01
9.997643617171394492e-01
9.993455436439212525e-01
9.908204389352569530e-01
9.955909976076900980e-01
9.989524472147004452e-01
9.989311863633534294e-01
9.940766248970237529e-01
9.982478313659067792e-01
9.906686145244604225e-01
9.981468371735322531e-01
9.997300527289296745e-01
9.917308584926344261e-01
9.986066329610364667e-01
9.987622704366067028e-01
9.987561474595254563e-01
9.976030628001906209e-01
9.989082425462475490e-01
9.993018224977248121e-01
9.995035893080621570e-01
9.984461004880166302e-01
9.946352640316868943e-01
9.994838425560285122e-01
9.977724912033760774e-01
9.986940270389819130e-01
9.995157763714044297e-01
9.967049678615491626e-01
9.994467579333561336e-01
9.974682474248983688e-01
9.998033354735471612e-01
9.984713228506949534e-01
9.978353114501947729e-01
9.971665906295419379e-01
9.991325401438430065e-01
9.969976685643503478e-01
9.773857051972481003e-01
9.974844085282159600e-01
9.990381352865236320e-01
9.966015806161701018e-01
9.975998846261212583e-01
9.991056471368529035e-01
9.956226222971301665e-01
9.994375598344332756e-01
9.949449191019693606e-01
9.992269234036480485e-01
9.997671948794623065e-01
9.988935626981031435e-01
9.991490048614617425e-01
9.895073096424424897e-01
9.993668407427497291e-01
9.979642037060967308e-01
9.985526680657653698e-01
9.956205010370410280e-01
9.979716239926061938e-01
9.961170236059034844e-01
9.962778952908037944e-01
9.988203416298928605e-01
9.990203510705939483e-01
9.976066502240963363e-01
9.981041784657210814e-01
9.981880610473888860e-01
9.980270029672269061e-01
9.979530359565363939e-01
9.984073325600042459e-01
9.993219085440625538e-01
9.990236207338399899e-01
9.991401461090467784e-01
9.924401680372413326e-01
9.982239569851196759e-01
9.871919571744649513e-01
9.986201470569286975e-01
9.995285063635871436e-01
9.992445786787146345e-01
9.994854279005687125e-01
9.900620567193139099e-01
9.945055415779210373e-01
9.954435963767683804e-01
9.986989007814269792e-01
9.943607219568577626e-01
9.992447603190905969e-01
9.956452531969830488e-01
9.991984064452785752e-01
9.988044336898811437e-01
9.978768924343996982e-01
9.982831051910994180e-01
9.994982614577313518e-01
9.992306963373240869e-01
9.989271852832199983e-01
9.987539057334282599e-01
9.993207944739694870e-01
9.959039569471432873e-01
9.937336707975982231e-01
9.986381418250737108e-01
9.989014150853604557e-01
9.973851145577746768e-01
9.994545392916071025e-01
9.993181883589130621e-01
9.972540972523669112e-01
9.989758817582912176e-01
9.951081264619116018e-01
9.603621550111824945e-01
9.942334022310721497e-01
9.974889765979033651e-01
9.997488160779588462e-01
9.988440016554900325e-01
9.982715862203800361e-01
9.997513026565792993e-01
9.982251821090631916e-01
9.980331928668957353e-01
9.873147608880432635e-01
9.983007026219218316e-01
9.959786398155050513e-01
9.979603299334424138e-01
9.991784467893235488e-01
9.996658059360333803e-01
9.993546263605160851e-01
9.989362052320226448e-01
9.993808070847632896e-01
9.977173596642880948e-01
9.967118237366175970e-01
9.937788071146498314e-01
9.975403938275742011e-01
9.981989282173207023e-01
9.986826662704710866e-01
9.994542809354375335e-01
9.981227985839400407e-01
9.980394921821282850e-01
9.977506363775909826e-01
9.945036167037042407e-01
9.978024744184150752e-01
9.892323167886792890e-01
9.984692503995229451e-01
9.983868622388412106e-01
9.996163872817375173e-01
9.906646464444797129e-01
9.982386706847576896e-01
9.797350249986723769e-01
9.993902385546746814e-01
9.990143363751579075e-01
9.988060281734527646e-01
9.997195020688687261e-01
9.939432719214585932e-01
9.995901609663553344e-01
9.968127149871361947e-01
9.791606242565992213e-01
9.994287011855070846e-01
9.934870210435620130e-01
9.893909340789517337e-01
9.994803403042855638e-01
9.986203480103615915e-01
9.983777253407170038e-01
9.977860521490521384e-01
9.977848107440363545e-01
9.992879076720398990e-01
9.984894903407194322e-01
9.997425216358060140e-01
9.997076964370427143e-01
9.963533617011507415e-01
9.985528504831420182e-01
9.982873061207419019e-01
9.972445801814282529e-01
9.987482630957610352e-01
9.976087502919187555e-01
9.989118661281430889e-01
9.984874117120218218e-01
9.993200820306833432e-01
9.983105057698150597e-01
9.988131545310392490e-01
9.988480997858142363e-01
9.996466569412614245e-01
9.988283648680293947e-01
9.888299188516610494e-01
9.844768180624018372e-01
9.963011961313592568e-01
9.997898373257305682e-01
9.989982159088041103e-01
9.998205723983667470e-01
9.982109874113958004e-01
9.971755334387820691e-01
9.989514463704991520e-01
9.994490774158236723e-01
9.974703039722309095e-01
9.990943551053007576e-01
9.953303808978866130e-01
9.996168658347175384e-01
9.973172452321695802e-01
9.981029291492743427e-01
9.924341327298009663e-01
9.992141557487361769e-01
9.994306613004716455e-01
9.993253567458653119e-01
9.974584738121377026e-01
9.987869532759642288e-01
9.976366259712580176e-01
9.990847195484597876e-01
9.993785208172185630e-01
9.985476538068340790e-01
9.993356022878043809e-01
9.998397235446494502e-01
9.994638090519890605e-01
9.985834725465805306e-01
9.974224210447201200e-01
9.949817966207905595e-01
9.993579247828850987e-01
9.987750451445682742e-01
9.929931490602018629e-01
9.948663769044068239e-01
9.992788230593995236e-01
9.991323111887505659e-01
9.981375927698484807e-01
9.980139055597018194e-01
9.957175514862510735e-01
9.885414818964375350e-01
9.802352692705487147e-01
9.952242060436096160e-01
9.992909678361279191e-01
9.866733292906769703e-01
9.983476475544902362e-01
9.989715295086352143e-01
9.991576825874375345e-01
9.995813388068874872e-01
9.987664046286515163e-01
9.994160745347795416e-01
9.958624411119061381e-01
9.986998601215155702e-01
9.964942004212089532e-01
9.974029653662159767e-01
9.936568611142708729e-01
9.977405689436433800e-01
9.966125356475805663e-01
9.994626584778460998e-01
9.963374456341077545e-01
9.978469378542492718e-01
9.963655149905413788e-01
9.991650361787087764e-01
9.963561646875200850e-01
9.996014294971145020e-01
9.993463941500144720e-01
9.994271877519362857e-01
9.997290512775409699e-01
9.993775174196108946e-01
9.991915638548458656e-01
9.997026452624051540e-01
9.988490313571464219e-01
9.976100911716876407e-01
9.995221951506132463e-01
9.979929486854880460e-01
9.995565184098943456e-01
9.980490696154838970e-01
9.987122693108032578e-01
9.976154881034686728e-01
9.985001900937469088e-01
9.992522124715296217e-01
9.975682340179106156e-01
9.966043094144306780e-01
9.989771965010794119e-01
9.993765375802884376e-01
9.990581001598392019e-01
9.996116740787734933e-01
9.986153682455176650e-01
9.953830852071881008e-01
9.980454275370542749e-01
9.995720099550555737e-01
9.990201781790585267e-01
9.976526799652254418e-01
9.987288568901223629e-01
9.979363246712061875e-01
9.510917512334384760e-01
9.993220427397405681e-01
9.984274693214676422e-01
9.788930986059939388e-01
9.973748372319606315e-01
9.967439868936747160e-01
9.986191119061792465e-01
9.993595896053573124e-01
9.991211395119654615e-01
9.983807944123459510e-01
9.993122994109177037e-01
9.976467959961167198e-01
9.993211117294777956e-01
9.972472092673203559e-01
9.748328009595441657e-01
9.981828041061703294e-01
9.995889276687115466e-01
9.987441392544176288e-01
9.991376680857093628e-01
9.979003677644965320e-01
9.990575933343386339e-01
9.934060505932900131e-01
9.997545710046665812e-01
9.982231796858126449e-01
9.991546263815933582e-01
9.993372810888955238e-01
9.983319926882592288e-01
9.992117280186114670e-01
9.987974851742261739e-01
9.997324904556196268e-01
9.994242629041073522e-01
9.966844209160736767e-01
9.963853933294202214e-01
9.959185031521163856e-01
9.994432008755754770e-01
9.977533139619059188e-01
9.937807992667957446e-01
9.977528816597205363e-01
9.995787105310042220e-01
9.991568112644297894e-01
9.991820607954343680e-01
9.988980498927374496e-01
9.986696853483695291e-01
9.976123538971286564e-01
9.931079807474441079e-01
9.994805385044285284e-01
9.945494562307667374e-01
9.993418284886238512e-01
9.995275413602531245e-01
9.995983111677586574e-01
9.985333387133771277e-01
9.930400515983088816e-01
9.982480435083355141e-01
9.994592183618794534e-01
9.997227971372925071e-01
9.979211180471689868e-01
9.991797662360809573e-01
9.984308208316509115e-01
9.998419794623540913e-01
9.773304077174883586e-01
9.954444984214433356e-01
9.981401780473772023e-01
9.952943093645825190e-01
9.989035898033160610e-01
9.925965005073320579e-01
9.988108452711219609e-01
9.992245032459605714e-01
9.945840227666128408e-01
9.988181908352603555e-01
9.961336048491598039e-01
9.986119544966992612e-01
9.962217265181145809e-01
9.987515040130111599e-01
9.992209560551027492e-01
9.928196203587839053e-01
9.987355961802679705e-01
9.989843333901309297e-01
9.985641136248109007e-01
9.978307997080128056e-01
9.987874551574809079e-01
9.988248413603348919e-01
9.983429640679635231e-01
9.996937732056554449e-01
9.996048522664590097e-01
9.969200856222641960e-01
9.984323257250764527e-01
9.992828039861699763e-01
9.840483774117094740e-01
9.982671325796259598e-01
9.960962155446126953e-01
9.977462333363014135e-01
9.983770453049126692e-01
9.929499126970724454e-01
9.998136046338594873e-01
9.996090446623424608e-01
9.981072838802967917e-01
9.987944247138549336e-01
9.917957191503414816e-01
9.978665750538391332e-01
9.951359524804417322e-01
9.991065543348165434e-01
9.997646392343586541e-01
9.979536474485498632e-01
9.995475500699723126e-01
9.973089663641088176e-01
9.954745421389049609e-01
9.964296360887909820e-01
9.965149841741516301e-01
9.981659421639297314e-01
9.989114649219671405e-01
9.982992560985011199e-01
9.994857786354698348e-01
9.985575817616687555e-01
9.988216297624615825e-01
9.956610347592044219e-01
9.986840931515807984e-01
9.981022318392838155e-01
9.962821928496020663e-01
9.668391265243126975e-01
9.990924170706914076e-01
9.869462530683672519e-01
9.981729548750166714e-01
9.976742215688894078e-01
9.950607684410104348e-01
9.985234191118976810e-01
9.978599426285890139e-01
9.971471075094731074e-01
9.909033379242071504e-01
9.985332661016371736e-01
9.899461162647624768e-01
9.852961218658055076e-01
9.988825956924086702e-01
9.966927839087509344e-01
9.998357395496292321e-01
9.974668152910503016e-01
9.984810928405555286e-01
9.987180790241565465e-01
9.996674452303102587e-01
9.997536210594835104e-01
9.993316610231381958e-01
9.990339973097492887e-01
9.989527418155080829e-01
9.990146299734807833e-01
9.991907960590822313e-01
9.996153537285470403e-01
9.982349212000318772e-01
9.947674697193450433e-01
9.969013115095670674e-01
9.938420865558370565e-01
9.856606341274555261e-01
9.990115265959743640e-01
9.944132644262573262e-01
9.991493344593187498e-01
9.987549754411544356e-01
9.997094244698589982e-01
9.989120117613932148e-01
9.993834136150906433e-01
9.934949737192630970e-01
9.986039793381411567e-01
9.897179305555657836e-01
9.989628065786578803e-01
9.963511174037906759e-01
9.830016718481184856e-01
9.987788069656275969e-01
9.975798618624844849e-01
9.930717002367258628e-01
9.819989145119045748e-01
9.994516141159220934e-01
9.957802278324431322e-01
9.987716918394076160e-01
9.991232781404240093e-01
9.913461477975953340e-01
9.947999915738321430e-01
9.993578546796492157e-01
9.989171288594513864e-01
9.859951968361391206e-01
9.971783961541629271e-01
9.994086046373723553e-01
9.938428277099370378e-01
9.997628101030265890e-01
9.988231388813998413e-01
9.985585770222107360e-01
9.975973495748541309e-01
9.994953349834095890e-01
9.968491164982674624e-01
9.979125168636726606e-01
9.988406946978337642e-01
9.989678790288047949e-01
9.994579727145264103e-01
9.980089108298699774e-01
9.996619658482391868e-01
9.992016946413705414e-01
9.984373424269534780e-01
9.929923130656317376e-01
9.987610279213401387e-01
9.995372314606546515e-01
9.987632308771191569e-01
9.984244876693726400e-01
9.960575267560798363e-01
9.988494884561693876e-01
9.943362391423087310e-01
9.908198413467005361e-01
9.996333147019480503e-01
9.962010741391406077e-01
9.991666457560266501e-01
9.915722267185775873e-01
9.962301028597584374e-01
9.977692157779067816e-01
9.996439165913825198e-01
9.995761966944924914e-01
9.813184941864757649e-01
9.985126157882640019e-01
9.965690849283130870e-01
9.940073452164122081e-01
9.973115521334757760e-01
9.993299255734557907e-01
9.989390648958520469e-01
9.971282903425165989e-01
9.984315856373342513e-01
9.996205799390771585e-01
9.966097980738337636e-01
9.992149672352308443e-01
9.989606818013926359e-01
9.952054231824712938e-01
9.987727837625142158e-01
9.998828738866043508e-01
9.980365720780884908e-01
9.987325459580107534e-01
9.963624373105889331e-01
9.989052304727623621e-01
9.963190619967445816e-01
9.986946738446315086e-01
9.978095869564924669e-01
9.993797287896920567e-01
9.980788979945701689e-01
9.992412818345612902e-01
9.977748140575624092e-01
9.993068701796464781e-01
9.989036437955988168e-01
9.982794099652168018e-01
9.997655296988955387e-01
9.991869850928656316e-01
9.976861298304261494e-01
9.972428892158800018e-01
9.991485013874473742e-01
9.995740158152242039e-01
9.952120888739230953e-01
9.994625711575644278e-01
9.983354220511387878e-01
9.994594169885635537e-01
9.992976742621050290e-01
9.979563699471006855e-01
9.827626602746315498e-01
9.991385093597267009e-01
9.989606177743962645e-01
9.981550020166225501e-01
9.962001207802881897e-01
9.989089577587979552e-01
9.997805194403440732e-01
9.980575791545208686e-01
9.985039381388738366e-01
9.912613461848738261e-01
9.973403232378276195e-01
9.993840198794259333e-01
9.987969696384695339e-01
9.996223950935486657e-01
9.980933929225737078e-01
9.992151424915896030e-01
9.987068309009445866e-01
9.935229744506507421e-01
9.995248092332607026e-01
9.980589740298859702e-01
9.985509421945848452e-01
9.982336286490894883e-01
9.998621436993682110e-01
9.973122613015557025e-01
9.989366588627250909e-01
9.959900564441943605e-01
9.981353491951712176e-01
9.965672247927261918e-01
9.999173638680294296e-01
9.990168577078549772e-01
9.990483218466457149e-01
9.966139066847046202e-01
9.996187905082641878e-01
9.981555015296759148e-01
9.982066878486501871e-01
9.992893810921266162e-01
9.977914573834417711e-01
9.967229608988082967e-01
9.985052883426306369e-01
9.988350936917493872e-01
9.975879092683586080e-01
9.958695075804651076e-01
9.997397493321015238e-01
9.981625184046339916e-01
9.981504360515029983e-01
9.984588733760910717e-01
9.984191526851542431e-01
9.964625906038084846e-01
9.657403532429509330e-01
9.979755388304588637e-01
9.966744329471077801e-01
9.920819006069213630e-01
9.969043451166309522e-01
9.993643379342955768e-01
9.991834671728134776e-01
9.969187033680571020e-01
9.978846307534203763e-01
9.995478116617749764e-01
9.987975233970287636e-01
9.988229401506677485e-01
9.971119040863625216e-01
9.957433312852732588e-01
9.951257792060921314e-01
9.987032644201103704e-01
9.983780854403684346e-01
9.898711104096598046e-01
9.971974803608660842e-01
9.980811291408352437e-01
9.982867010864667767e-01
9.972785542971411843e-01
9.995161722190705200e-01
9.985116763921528804e-01
9.990795621113809366e-01
9.988791400854881708e-01
9.978171761395864259e-01
9.963923110538779326e-01
9.986711230538246609e-01
9.902414211104649810e-01
9.978918845834856555e-01
9.997887932368076935e-01
9.980061451936195205e-01
9.986672207202967888e-01
9.983772511394756188e-01
9.917739302998092032e-01
9.995364892053223427e-01
9.926363028353253348e-01
9.985632825802220891e-01
9.991953747508680594e-01
9.976290219003678406e-01
9.984537179646828520e-01
9.962168315728661128e-01
9.932302406392271577e-01
9.987263790775178229e-01
9.989817053822325210e-01
9.984601869332123680e-01
9.958520489661353281e-01
9.997579136851874049e-01
9.939088361765977542e-01
9.992999551735815000e-01
9.994650120499264379e-01
9.949949507081510269e-01
9.984848884149739590e-01
9.991341248970724287e-01
9.979184012462769537e-01
9.966668935835958365e-01
9.979672625493418714e-01
9.967064294557751447e-01
9.971455006186934478e-01
9.377841673412596890e-01
9.990704672661055996e-01
9.987990491052747277e-01
9.980724688725861604e-01
9.978108998864841928e-01
9.989856231966600664e-01
9.959639715080729205e-01
9.996429688063367403e-01
9.977488282427160460e-01
9.989000991987110334e-01
9.941013080371334798e-01
9.954361447274843178e-01
9.948374237308446055e-01
9.994959769022191409e-01
9.986963065901639514e-01
9.989138169393247946e-01
9.989123263207069225e-01
9.992110821903443796e-01
9.995216616887230288e-01
9.965048569320367200e-01
9.970058854347754185e-01
9.983161432135548852e-01
9.994013796961068730e-01
9.985447921959784701e-01
9.988528678640508085e-01
9.931511475877302653e-01
9.984136041794451355e-01
9.954177264994457097e-01
9.993981763202635094e-01
9.987372007442034683e-01
9.989667841771465717e-01
9.980119176011337245e-01
9.965530710622056976e-01
9.930914565483307532e-01
9.990477617874420346e-01
9.762491477140354812e-01
9.970242514786109567e-01
9.986546257645897429e-01
9.986115175709726621e-01
9.975171307700835266e-01
9.988156560495924374e-01
9.775485249995098380e-01
9.985516885542163878e-01
9.997384994134894676e-01
9.981951434950978586e-01
9.969657980997683744e-01
9.992178715873252237e-01
9.983411340326757699e-01
9.927721452325362073e-01
9.759650838121133321e-01
9.979714441672062897e-01
9.995170848134150576e-01
9.924404191032307754e-01
9.981714897749254245e-01
9.985363327689648072e-01
9.988967164438771196e-01
9.978997770204566242e-01
9.993791847680834062e-01
9.990649156834909839e-01
9.998817010646253722e-01
9.982158506836797951e-01
9.980485173670790022e-01
9.982483111175703971e-01
9.989985597025257125e-01
9.986763770217959024e-01
9.916083775117486843e-01
9.998063503017909914e-01
9.992878984839898004e-01
9.994975966922652333e-01
9.982787557623979957e-01
9.994734375324703102e-01
9.988710661006872105e-01
9.990719556853234762e-01
9.991799952665827433e-01
9.973358924313435736e-01
9.995689428010683386e-01
9.986951053434980352e-01
9.985003578464407559e-01
9.982247708193249247e-01
9.992476450896595752e-01
9.996784299720109512e-01
9.992282702214208001e-01
9.999067708986658642e-01
9.981905275708224945e-01
9.986393568671381171e-01
9.963507447428855412e-01
9.995465537238363840e-01
9.990447682436618404e-01
9.998488943712429133e-01
9.983543619681840564e-01
9.920907062216033356e-01
9.966130492867244506e-01
9.939572468980023556e-01
9.996604354032047057e-01
9.995466710467524329e-01
9.981573932461833554e-01
9.882507910679169116e-01
9.989787863173955618e-01
9.922379999723132116e-01
9.954839670520448935e-01
9.989628305738935676e-01
9.988070915060692778e-01
9.993013886789803291e-01
9.921220865419190238e-01
9.991786262651267680e-01
9.994935132155070567e-01
9.980830951666550543e-01
9.955467031807290201e-01
9.931832934177816652e-01
9.979328243394804954e-01
9.991221342323755028e-01
9.990813880041842232e-01
9.903477289661607452e-01
9.987271549253178282e-01
9.970817626335657380e-01
9.985336448494712691e-01
9.980491860416567107e-01
9.986316787160902653e-01
9.926487183238564826e-01
9.993005919104419599e-01
9.981530295924643248e-01
9.989235886707746870e-01
9.978261828647406739e-01
9.990158648474578573e-01
9.983711178005971743e-01
9.160085715657443339e-01
9.978441820191821243e-01
9.996628177764490530e-01
9.996677467189222233e-01
9.995899734809381432e-01
9.976233046889178002e-01
9.977143107590422666e-01
9.997657203772676304e-01
9.988954345090707010e-01
9.989509763948294374e-01
9.953628081138018446e-01
9.977922128823120129e-01
9.999350597712888256e-01
9.993144081914882015e-01
9.996902093678414758e-01
9.968123821137906404e-01
9.988823572833993580e-01
9.869016231710265874e-01
9.960946011213872575e-01
9.986320028066332233e-01
9.982486686454964397e-01
9.951945946314657565e-01
9.971883207490754852e-01
9.932484504872216569e-01
9.948871634579381507e-01
9.958758726134990802e-01
9.982972878774432068e-01
9.999295426438576939e-01
9.995665246275526883e-01
9.982987779842997789e-01
9.987882154650462585e-01
9.980331693371931046e-01
9.983095373025731023e-01
9.971270528238662667e-01
9.984295037401731410e-01
9.974708733737951416e-01
9.943701263737442231e-01
9.970173467268909073e-01
9.988396298981178090e-01
9.970455059433573908e-01
9.984278971715029316e-01
9.984341470080283498e-01
9.950161976796213503e-01
9.976635566567821911e-01
9.915091535882534224e-01
9.976790482361818091e-01
9.982676252003801487e-01
9.979417504726523225e-01
9.958471123020825599e-01
9.988805699475955535e-01
9.897922615336367524e-01
9.994257085941763430e-01
9.994114607602291311e-01
9.963309461902916109e-01
9.973847805382720644e-01
9.951848809899567216e-01
9.975373209835410870e-01
9.992105356011915518e-01
9.965987132879463584e-01
9.992522290080296798e-01
9.993452986156501350e-01
9.991695691638169396e-01
9.982437504203813816e-01
9.995895067444096060e-01
9.983212996388995952e-01
9.947281546166686361e-01
9.996530372675858089e-01
