9.983783025449857185e-01
9.996854534972473560e-01
9.982942020802262340e-01
9.998337298961915698e-01
9.997140547893899054e-01
9.993361268782930962e-01
9.964997223751144162e-01
9.985470752702527708e-01
9.905384760904111241e-01
9.982029021046530115e-01
9.980069361945413942e-01
9.993139538072479677e-01
9.977542798424017256e-01
9.979426307624452708e-01
9.955369825597171207e-01
9.984103403426680678e-01
9.888304115116933746e-01
9.963981839003640539e-01
9.994748146662697508e-01
9.957462261437333151e-01
9.942936355490636924e-01
9.994068855117537176e-01
9.998637702821105977e-01
9.993592185007459383e-01
9.928650108737557822e-01
9.993275765856323156e-01
9.987271057089326387e-01
9.987676721384397549e-01
9.989057016476163842e-01
9.988020027551773872e-01
9.987233459921303069e-01
9.993767258640631201e-01
9.995830336001196859e-01
9.990287010300296089e-01
9.997214988863605267e-01
9.997519631029629927e-01
9.997166148947089770e-01
9.438456188884711828e-01
9.991651504249787763e-01
9.685281508134964135e-01
9.994323470239678819e-01
9.980507058451600910e-01
9.985515263491410165e-01
9.992598351556249980e-01
9.998661846191571057e-01
9.995950081646631791e-01
9.993961296545554873e-01
9.995768110625490310e-01
9.999004646317014577e-01
9.989004768722449246e-01
9.988441751671902624e-01
9.997263398815586788e-01
9.993028519820317257e-01
9.983378972157433973e-01
9.873754334974864655e-01
9.989476904113705480e-01
9.997047934961860172e-01
9.995109780375457387e-01
9.991977968481065009e-01
9.956796544095176671e-01
9.993893591782434527e-01
9.986202437337753368e-01
9.960692237212858124e-01
9.991167662883202460e-01
9.808707994284965315e-01
9.978491248211109887e-01
9.992498832793637042e-01
9.918863213010620239e-01
9.987256144310526773e-01
9.986945262649209454e-01
9.998755277048719803e-01
9.990361588647034274e-01
9.815479192132303687e-01
9.989008125097594837e-01
9.992737389828064698e-01
9.985566097842163424e-01
9.980865160953018567e-01
9.993078436590501212e-01
9.983043152435873147e-01
9.996741054046239805e-01
9.998819722734328952e-01
9.968297011772682126e-01
9.981755414066636467e-01
9.997952955733411251e-01
9.980679359787750782e-01
9.950434131355386791e-01
9.730425867481081736e-01
9.989527030052119949e-01
9.917191660586288648e-01
9.992151248102609795e-01
9.992483606997548673e-01
9.994727974498521794e-01
9.994785545949831373e-01
9.986231067127819827e-01
9.992779547014470909e-01
9.995118083598079073e-01
9.987225871042770819e-01
9.986050809320387023e-01
9.993247773533848743e-01
9.988413183026765285e-01
9.996537187741979524e-01
9.775313817213411305e-01
9.995644469496595130e-01
9.996744892883521194e-01
9.973264191482018592e-01
9.988385950770275468e-01
9.966646255502127350e-01
9.988148795177083095e-01
9.983639407129183407e-01
9.958106541540900913e-01
9.984386031622388691e-01
9.994330784254019662e-01
9.998055342771777765e-01
9.994353017793740079e-01
9.900250909738116389e-01
9.990705145248144348e-01
9.995874197461398492e-01
9.993656418732993485e-01
9.993353849566682934e-01
9.997482386964522405e-01
9.994773690859244386e-01
9.977103236851851964e-01
9.992984699045479591e-01
9.996993407605900828e-01
9.986174286053608462e-01
9.993688514132855749e-01
9.984973819693534480e-01
9.993459717720720725e-01
9.990932911839214281e-01
9.992425692979208796e-01
9.978817833410169591e-01
9.919406725444726014e-01
9.991348151516989962e-01
9.982901770762354632e-01
9.994971558750367358e-01
9.990836434922230058e-01
9.990723005934203371e-01
9.907533734970708217e-01
9.984342840792831408e-01
9.991386995956108574e-01
9.958003769924393955e-01
9.982642849868597068e-01
9.994153913916804521e-01
9.993540679677110905e-01
9.981943786361561211e-01
9.997240819515001986e-01
9.996752733999956231e-01
9.988877726156868420e-01
9.976656935237643298e-01
9.998175376643101409e-01
9.993577064255495523e-01
9.997227506212271742e-01
9.979460152903454340e-01
9.995083221173538535e-01
9.997667253222847217e-01
9.995136785195612994e-01
9.986787991624520577e-01
9.990325108867165183e-01
9.997232998540985793e-01
9.996873710857167028e-01
9.944449197457857492e-01
9.993314830899908685e-01
9.977592047518117901e-01
9.992103916292961463e-01
9.994938900929587478e-01
9.993139957616721247e-01
9.995697205408360375e-01
9.966530885651011529e-01
9.996140881185388016e-01
9.967958124921303398e-01
9.983406708343818270e-01
9.987141684809037745e-01
9.986699123358424579e-01
9.994932848495353683e-01
9.994809849926680201e-01
9.962599290045746070e-01
9.970866027898508399e-01
9.830491927614020131e-01
9.987706259394529829e-01
9.947050359542722875e-01
9.988867552002693717e-01
9.910835735555107995e-01
9.990141009230791846e-01
9.959393435496000091e-01
9.991382810732357678e-01
9.992855548201737825e-01
9.996458499193343616e-01
9.996636321522385238e-01
9.984051569315222086e-01
9.977590239819588147e-01
9.828574131650286150e-01
9.976883983180676596e-01
9.984483149467732188e-01
9.919878102873405101e-01
9.960881868157026586e-01
9.991171130707255932e-01
9.981526993185597663e-01
9.968398828110939247e-01
9.997202783572263218e-01
9.995557350886807857e-01
9.998824896980569310e-01
9.981396953248932169e-01
9.992900845471398563e-01
9.996887672786963774e-01
9.986245674777571857e-01
9.974187137725589736e-01
9.998030793838645902e-01
9.977581034154456852e-01
9.993124604172091141e-01
9.996972866147468828e-01
9.995193007585725375e-01
9.976340422185256962e-01
9.945883255679524027e-01
9.985364748788694289e-01
9.980195975092573946e-01
9.954783086015811522e-01
9.844694481915954309e-01
9.922643622845844780e-01
9.953095130475425600e-01
9.995261483800769176e-01
9.942072338654698305e-01
9.992900064633347679e-01
9.987812096044718091e-01
9.977731892204527719e-01
9.992637329495256404e-01
9.963238707797830163e-01
9.997654995269338318e-01
9.990086341936157410e-01
9.991221917617103543e-01
9.991878644969063306e-01
9.991526025881828366e-01
9.980325612498714971e-01
9.994367178200679325e-01
9.993550696460195004e-01
9.989476803720562792e-01
9.846872628311633679e-01
9.979545627861476920e-01
9.990933819324896437e-01
9.993789217934376801e-01
9.992867445715787333e-01
9.997474396237385763e-01
9.961751042115627452e-01
9.996439027006687184e-01
9.982026850191525469e-01
9.924345304554302860e-01
9.989466443197969614e-01
9.994833080646139400e-01
9.984279738476923294e-01
9.924989344691705906e-01
9.995558188990799620e-01
9.987888743122446122e-01
9.995038213946438876e-01
9.997766944945014611e-01
9.995654842111743044e-01
9.998122107755358368e-01
9.938036130735499185e-01
9.985751601518675358e-01
9.994087195358410947e-01
9.808239429787211083e-01
9.928641079330597918e-01
9.962186509398709422e-01
9.968730474498987970e-01
9.996930732102761175e-01
9.991572904874481686e-01
9.955291431048652884e-01
9.993714795088115554e-01
9.996743006960600031e-01
9.987588888712993773e-01
9.963596182877105800e-01
9.995719608092968889e-01
9.998624233458179855e-01
9.961952563877107814e-01
9.973791464209517121e-01
9.987512590933786960e-01
9.981730513267782490e-01
9.969855892814171172e-01
9.997285339800690007e-01
9.996644666636099741e-01
9.994744018917525175e-01
9.982743933661437641e-01
9.994928650612766585e-01
9.786483604081018806e-01
9.994511317147973806e-01
9.991658584667199028e-01
9.995116217197004271e-01
9.947063629217940406e-01
9.975982271549239666e-01
9.990716327186044410e-01
9.997512904244386656e-01
9.995426966438174521e-01
9.929968146014394037e-01
9.980572159581673208e-01
9.986450333156677850e-01
9.983588932475735422e-01
9.984952257220099936e-01
9.992876587495360674e-01
9.879702108909923508e-01
9.995659036741895154e-01
9.995180989280667561e-01
9.995325540943911236e-01
9.983463890755367443e-01
9.991069075961087620e-01
9.981686034061676427e-01
9.988558677376804251e-01
9.975985727258642743e-01
9.997732006302306740e-01
9.927528492615671496e-01
9.996648645076500195e-01
9.990370924540498132e-01
9.993548291557107222e-01
9.997624540723961672e-01
9.986842786003921058e-01
9.995336178446794229e-01
9.991873199099789993e-01
9.971132049786817220e-01
9.990117513021786744e-01
9.982629126605329084e-01
9.982767798185396835e-01
9.983774592787633129e-01
9.987742556605763156e-01
9.992795663263946970e-01
9.992535904905643918e-01
9.642581110038248582e-01
9.992391469471311183e-01
9.937910855148750500e-01
9.890349044583061078e-01
9.996261215013149126e-01
9.983524807344128504e-01
9.981087321252204436e-01
9.995328143381175812e-01
9.957456803996866945e-01
9.988729770965402155e-01
9.994689664247364824e-01
9.752206305956231391e-01
9.994903466414560844e-01
9.986149369715251467e-01
9.987612482219656584e-01
9.998042919844214449e-01
9.978501323039595805e-01
9.994101938474733160e-01
9.998081216405511062e-01
9.994394238678928621e-01
9.991124224141594290e-01
9.983775544142343694e-01
9.997261516365238965e-01
9.992811402750225724e-01
9.988319404346504005e-01
9.997834196152483033e-01
9.983238178387920936e-01
9.994267529052174304e-01
9.997740275348659944e-01
9.995259224901195116e-01
9.899349403147152948e-01
9.909202602252797920e-01
9.995689013144445356e-01
9.989510779920166561e-01
9.994432428296730064e-01
9.963231603025081151e-01
9.848605507066261477e-01
9.995789769889056320e-01
9.996402540045152829e-01
9.946963871278740044e-01
9.987035939175165078e-01
9.995593092270848024e-01
9.992541245035364561e-01
9.989807644594874692e-01
9.934490471768011588e-01
9.982821255401553850e-01
9.889761921300830316e-01
9.978606328142959336e-01
9.975185951826215369e-01
9.960184744642843757e-01
9.966800744575591287e-01
9.995211091511355672e-01
9.929728718100691021e-01
9.995733351472335659e-01
9.997164637171305213e-01
9.996852874909094577e-01
9.991493969409291909e-01
9.949021837804469248e-01
9.990350511634390474e-01
9.992450592194898062e-01
9.882510412929788046e-01
9.767271363395525485e-01
9.999020648107259657e-01
9.992667660509709782e-01
9.986712307917654519e-01
9.987820528823329047e-01
9.995721268690157535e-01
9.996191804175124096e-01
9.977530413408282062e-01
9.991617953890522541e-01
9.911370098217806568e-01
9.989217978735829284e-01
9.964427286192202304e-01
9.991268531863530811e-01
9.997603679047964986e-01
9.916357106602877725e-01
9.952802642766231944e-01
9.968410825191748037e-01
9.992413030059708046e-01
9.993011698201271775e-01
9.989464196310197108e-01
9.984324193300931904e-01
9.988313854266491765e-01
9.989472973674309308e-01
9.979663951913736453e-01
9.992004021188449769e-01
9.952251738621061827e-01
9.996461364704889441e-01
9.992730265257385724e-01
9.980191165618550464e-01
9.978737127903419823e-01
9.982026136860129295e-01
9.972743088376667675e-01
9.992453265068191870e-01
9.991362806929275919e-01
9.994056721730425474e-01
9.994405456243018460e-01
9.998700932475230729e-01
9.997064673218407638e-01
9.991248965279280192e-01
9.993867639470241926e-01
9.998095556715090870e-01
9.997950420679687644e-01
9.989888948788336887e-01
9.995231162550636261e-01
9.989219604871016900e-01
9.994335445228724746e-01
9.983818555921709637e-01
9.991899278871434475e-01
9.988600879072839778e-01
9.963587864678093986e-01
9.995805588716648593e-01
9.992680779932063828e-01
9.910916153155362451e-01
9.981259682039973491e-01
9.992141547605000174e-01
9.977613502102400389e-01
9.992461249449701155e-01
9.992448853231682415e-01
9.967314685806349939e-01
9.992352656602869754e-01
9.987998307198034942e-01
9.995162339915993899e-01
9.998682052962717393e-01
9.997097974325522829e-01
9.958549902414765009e-01
9.659778996473707968e-01
9.977243851180634948e-01
9.990495561264421953e-01
9.992270679996360094e-01
9.989104445848892011e-01
9.998061883753569523e-01
9.982051930510106308e-01
9.946524280885657987e-01
9.992273611014040879e-01
9.997720880982954306e-01
9.997651674325724880e-01
9.992657975972923934e-01
9.994844893337251346e-01
9.962823429357475780e-01
9.869583467184542824e-01
9.995956071665414999e-01
9.992474671498124961e-01
9.984937749013869102e-01
9.992537511319106169e-01
9.989880534655550814e-01
9.992909896551750437e-01
9.896528243474821407e-01
9.998479918298098790e-01
9.986346562201017241e-01
9.992839467446325008e-01
9.992662151318010277e-01
9.992659070694944745e-01
9.992698377302632329e-01
9.896001783176591182e-01
9.997701513913003213e-01
9.995524037239127413e-01
9.990064896036211506e-01
9.927474720192579483e-01
9.819294264283345841e-01
9.993597190289454923e-01
9.924402586805343152e-01
9.974718494815087988e-01
9.985349131003780077e-01
9.972195616951615715e-01
9.989675088573344297e-01
9.989718421177264940e-01
9.962721288729254887e-01
9.997467128483377152e-01
9.989665839415112769e-01
9.996894184603697386e-01
9.932471781877526551e-01
9.995610159187450217e-01
9.998453786490878459e-01
9.997835003092152562e-01
9.992144639950051310e-01
9.994329878536554190e-01
9.971167374420992768e-01
9.996795795854769295e-01
9.995637410936738521e-01
9.997974128004853966e-01
9.972269822950944329e-01
9.855111383734825869e-01
9.906534467814458456e-01
9.995683889191818716e-01
9.943299085557631978e-01
9.969224409440096135e-01
9.982176944738074820e-01
9.982362705475147369e-01
9.995987702033921618e-01
9.774000854066160482e-01
9.979512700778949696e-01
9.997336415200612780e-01
9.924856682392919627e-01
9.995010764479099752e-01
9.987726526511826464e-01
9.962879406540681160e-01
9.990972077459665535e-01
9.993728303002290536e-01
9.995337019556443936e-01
9.992467892835915633e-01
9.993352484704882688e-01
9.993427439847166749e-01
9.996892619821861059e-01
9.990631262499976017e-01
9.996040250370173963e-01
9.997257720784824553e-01
9.998176666027154269e-01
9.995925113278603114e-01
9.994371972143702987e-01
9.895352636279256542e-01
9.984793222506789245e-01
9.942293665914243572e-01
9.972915116800360469e-01
9.993672348629083491e-01
9.993603417128387179e-01
9.991243643847971256e-01
9.995693828405560755e-01
9.995717050055319408e-01
9.990349568408531944e-01
9.984407484857329429e-01
9.982703031202277977e-01
9.837950902147881704e-01
9.992764319875331314e-01
9.994642069889813074e-01
9.996099376958935689e-01
9.950579621917052808e-01
9.982269216992986083e-01
9.914567800786059371e-01
9.995547105192947868e-01
9.996944979844044621e-01
9.975030383923465527e-01
9.985099203577288973e-01
9.942430581644978727e-01
9.985681801102561650e-01
9.993619788384304758e-01
9.990247706328442279e-01
9.985762069182116951e-01
9.997673431972908809e-01
9.987300968516824584e-01
9.984217504036756452e-01
9.961066388153925200e-01
9.982142123617843144e-01
9.973038104202669452e-01
9.983499313698810385e-01
9.988962272251131758e-01
9.983985715782569548e-01
9.998192048105518648e-01
9.997067651532960397e-01
9.981537461991016880e-01
9.992880729622041214e-01
9.983261629454497355e-01
9.984190272929692744e-01
9.970172424444350145e-01
9.991415419194905612e-01
9.983970526551866342e-01
9.966580433971007347e-01
9.997084134521236898e-01
9.991194764677611140e-01
9.995925482020059372e-01
9.992531429354208905e-01
9.996820871629592542e-01
9.992868938900713038e-01
9.977913486453338088e-01
9.983041434964528005e-01
9.995666416988703284e-01
9.997868629010594477e-01
9.993546566762400163e-01
9.993371478192802915e-01
9.980066952653452450e-01
9.994279711949993761e-01
9.986284824804280147e-01
9.959890139810072540e-01
9.960082437284694112e-01
9.807433595611467769e-01
9.648883507304616414e-01
9.998059261344939275e-01
9.986025420519826223e-01
9.981017436033475798e-01
9.991830764600633241e-01
9.987741935249689895e-01
9.981048866521664564e-01
9.992986623179338501e-01
9.950076957261766442e-01
9.994627986486360749e-01
9.982069455546888070e-01
9.997900981800894593e-01
9.986053143665775123e-01
9.965410369737633944e-01
9.984636338953531975e-01
9.974454409676692945e-01
9.983726509152711648e-01
9.978157617485071684e-01
9.984842469178256685e-01
9.982198912519055778e-01
9.966502799808628632e-01
9.996772974051377769e-01
9.987494878908691476e-01
9.959454414982227277e-01
9.998009757225538863e-01
9.993295022811135020e-01
9.949061726978470910e-01
9.964777108860701782e-01
9.994752124358612377e-01
9.978798670273117954e-01
9.998803447039765757e-01
9.989327209044019940e-01
9.981741119142728547e-01
9.997521896092601557e-01
9.998763224100843949e-01
9.958721548901761089e-01
9.994189071008146019e-01
9.992564406603826610e-01
9.988358340883867204e-01
9.994331725433440727e-01
9.996011303874132725e-01
9.956145189803542461e-01
9.995752325700584251e-01
9.984458675055831733e-01
9.913402791162253536e-01
9.982549515480410030e-01
9.990684311144171215e-01
9.971404718027941927e-01
9.997439321221330832e-01
9.978551698970994366e-01
9.983281345404148022e-01
9.996996919930674075e-01
9.960388719345130148e-01
9.973427464739627046e-01
9.990969851942578250e-01
9.971044973788243393e-01
9.991156179530479298e-01
9.948100460384092791e-01
9.959417344790093551e-01
9.994714311581578414e-01
9.990495294204778665e-01
9.902978173254641803e-01
9.995471867723911830e-01
9.995767839646004793e-01
9.960516549828506427e-01
9.984701199172151265e-01
9.951532441907656734e-01
9.990930026428828103e-01
9.996280069380485411e-01
9.992225109423744644e-01
9.997406896260405684e-01
9.972813576349143228e-01
9.998752267029308305e-01
9.991107084624601953e-01
9.995750674762126087e-01
9.100365476799030517e-01
9.994802484261511299e-01
9.968428064679961675e-01
9.997663930197053794e-01
9.994271753654265789e-01
9.994532913153112430e-01
9.987627937510132892e-01
9.996915816367488716e-01
9.994285852057820385e-01
9.955334037552565629e-01
9.995177075724276383e-01
9.991652073862057337e-01
9.919204983266063369e-01
9.994703111590745870e-01
9.988041447057225408e-01
9.985783775851972965e-01
9.997637390341689301e-01
9.983011401289061393e-01
9.944259315624607298e-01
9.974416077261023528e-01
9.997967990341495303e-01
9.993492359217018839e-01
9.971472788758805050e-01
9.997620334612491444e-01
9.970133569146399921e-01
9.995324245000251073e-01
9.990571781075578972e-01
9.982802173210458818e-01
9.956428662698901810e-01
9.994997191412775539e-01
9.998800353471870572e-01
9.993589534290672205e-01
9.925883100471376563e-01
9.922218148675254756e-01
9.997481643287045028e-01
9.992191966101853229e-01
9.989311314167772515e-01
9.957164740207107290e-01
9.926719502059594413e-01
9.998513275724697502e-01
9.991089981960104005e-01
9.996595392977252192e-01
9.984407371089499827e-01
9.989925143629980742e-01
9.995992617433218097e-01
9.990226382959624951e-01
9.994778829722096303e-01
9.971755641365579459e-01
9.997323228208457868e-01
9.988206629571501072e-01
9.996893544281262312e-01
9.992375907913124689e-01
9.988940198714142404e-01
9.988272345507422934e-01
9.897876787395343268e-01
9.952620998522954121e-01
9.989936328722731629e-01
9.995856714232211893e-01
9.992444722334490326e-01
9.989181931662145519e-01
9.966622465060530622e-01
9.977842559235289288e-01
9.992709002549710062e-01
9.996432346705088623e-01
9.900156116191511924e-01
9.963744458513195124e-01
9.990232529574306630e-01
9.998321031663637282e-01
9.989561542394191918e-01
9.770811880098266844e-01
9.998758529352246294e-01
9.976876794590141539e-01
9.933384639432345509e-01
9.950340855108609217e-01
9.996145973333089296e-01
9.982965788204285484e-01
9.622606498830350574e-01
9.938984869375728781e-01
9.983442984960000377e-01
9.948501127751584461e-01
9.965294514340186094e-01
9.985859819671608628e-01
9.987876212409221299e-01
9.987022863421051166e-01
9.941022096107560158e-01
9.997260709309896409e-01
9.993319753165457175e-01
9.993305411555825080e-01
9.993711662810240703e-01
9.950879481405423554e-01
9.952890862621550649e-01
9.989296520676084201e-01
9.998415673489164934e-01
9.948741428181759883e-01
9.993586102244826908e-01
9.991494083242378199e-01
9.958612887408457848e-01
9.945898745973801303e-01
9.984268485637162183e-01
9.977511166445494073e-01
9.990212497839371375e-01
9.956506799810083130e-01
9.993990798441112489e-01
9.910768266371606794e-01
9.992538675878627208e-01
9.948314408602711989e-01
9.996505958548648207e-01
9.997637383564257352e-01
9.979214239577841594e-01
9.991809149948829294e-01
9.819723135309683659e-01
9.852815772060956601e-01
9.995645479774176723e-01
9.980289966261982615e-01
9.993781709301172711e-01
9.996366419643517576e-01
9.993533851954560232e-01
9.956093124550950968e-01
9.955229734317661006e-01
9.994088938750800288e-01
9.963591868704546606e-01
9.993095874511537247e-01
9.992479738127253430e-01
9.995093809634205684e-01
9.998131140307997544e-01
9.841554949767432614e-01
9.993276839697565750e-01
9.995444754561886302e-01
9.985480170119753751e-01
9.988238485720669635e-01
9.987985274486221865e-01
9.971171512587845287e-01
9.969652540896509763e-01
9.994842397263687950e-01
9.995992016348117515e-01
9.995259690113689199e-01
9.784557102505668791e-01
9.988962350139194424e-01
9.996500483197652276e-01
9.927259325580380933e-01
9.985543022174596661e-01
9.997316964278563090e-01
9.513927359959840624e-01
9.998532480852853066e-01
9.933758679625234178e-01
9.997983511278811797e-01
9.987967645100077618e-01
9.990654918101464776e-01
9.740979975849783923e-01
9.997702876047063203e-01
9.996060123529337815e-01
9.978170863130009227e-01
9.988779812354144916e-01
9.995099612769443587e-01
9.972727404046467514e-01
9.990346376659436922e-01
9.968548096061780051e-01
9.997397323987224915e-01
9.995829487151766113e-01
9.982418629288093426e-01
9.994348292069893391e-01
9.987987064868426579e-01
9.983825505798751276e-01
9.989358303509591197e-01
9.997250503992569648e-01
9.990981233199026645e-01
9.986034604191660335e-01
9.984071194618180378e-01
9.996825455444277031e-01
9.967395854057642390e-01
9.998913981579075072e-01
9.981343529111806889e-01
9.997159200090020015e-01
9.908248765861555896e-01
9.966459498628308378e-01
9.990231214970342055e-01
9.989880241546187367e-01
9.709046369354032979e-01
9.987798610093979734e-01
9.991195004509048072e-01
9.991048595717956227e-01
9.989068178062614489e-01
9.996695449398879108e-01
9.979116546037327673e-01
9.822215541425238783e-01
9.895308526265820248e-01
9.989965212666229721e-01
9.977904147898275511e-01
9.960259892255296510e-01
9.993377508242149432e-01
9.995924901132707818e-01
9.997287605337827898e-01
9.994058824950644571e-01
9.992549319759600479e-01
9.995020849161542209e-01
9.924768741073619616e-01
9.958654378011508879e-01
9.997705974238410009e-01
9.967725020291113847e-01
9.992209388270253401e-01
9.996977954443710956e-01
9.996531123176224387e-01
9.997383022506320938e-01
9.994670719341397502e-01
9.998196517398851846e-01
9.982160906357844254e-01
9.924022651674009321e-01
9.970920330816961386e-01
9.998116272218636746e-01
9.992004242711781670e-01
9.965771525477464809e-01
9.986139446134982833e-01
9.996985757633261027e-01
9.990139419215963157e-01
9.980600646084322181e-01
9.963556113972532602e-01
9.991815696388521850e-01
9.996406954576155801e-01
9.997651782279747268e-01
9.983835159089031741e-01
9.995351561800942530e-01
9.992606166493068764e-01
9.981454143664633127e-01
9.992042110082129946e-01
9.985103553871605975e-01
9.993470424447775668e-01
9.889889559852005352e-01
9.987905071202356488e-01
9.993073295629844033e-01
9.990880046359651434e-01
9.999222584836353622e-01
9.994373564069387594e-01
9.947385438580723660e-01
9.987160841897180230e-01
9.913468363000643713e-01
9.854514310943236488e-01
9.976473094238107464e-01
9.991705473133184467e-01
9.990769048061853841e-01
9.995040030186136404e-01
9.998216724242807718e-01
9.997548077252077503e-01
9.988561804153506252e-01
9.994309292793366328e-01
9.992124100903998496e-01
9.988135736725721747e-01
9.991137674803471924e-01
9.995429804437703236e-01
9.978811015165856002e-01
9.998059514717010376e-01
9.988476658835315769e-01
9.997880606558918748e-01
9.987887407923594640e-01
9.985460346167438495e-01
9.973733495304499819e-01
9.995812739099569910e-01
9.996838342194733773e-01
9.990137988522380663e-01
9.965034751348403885e-01
9.994992817475099045e-01
9.992448416661887656e-01
9.667523881916525452e-01
9.994824236968957720e-01
9.998155856079959936e-01
9.989296711659766403e-01
9.869732809059981182e-01
9.996339532410101203e-01
9.923844044487305505e-01
9.994836807879758922e-01
9.994294812259598704e-01
9.992155936381729164e-01
9.995371366475827024e-01
9.986529499594940518e-01
9.996965384677127808e-01
9.988342167588767362e-01
9.986725147287883741e-01
9.987809933592410871e-01
9.969412354967124301e-01
9.898123731276212700e-01
9.957558603770870764e-01
9.979471016786438664e-01
9.997702773607414217e-01
9.957229635858425576e-01
9.991192723887986071e-01
9.944202628273066669e-01
9.948442822678695840e-01
9.936943336030090723e-01
9.998933363100852567e-01
9.978164447586292951e-01
9.994901665908436650e-01
9.972147089698113476e-01
9.997790234519134955e-01
9.991964479854223979e-01
9.981227156672034528e-01
9.988376471838649184e-01
9.936485192820455614e-01
9.899408650954154565e-01
9.955829140354969242e-01
9.888610133801056801e-01
9.996938632925321810e-01
9.987862131033400370e-01
9.976433729008562512e-01
9.979499834485192622e-01
9.981409386433601760e-01
9.992907654776569393e-01
9.993495814780019026e-01
9.949505144164392245e-01
9.989701826807518836e-01
9.961357344802377334e-01
9.987471078560132831e-01
9.970574359958456201e-01
9.978375691802503500e-01
9.983068880706192916e-01
9.996683490849862519e-01
9.992110126953857030e-01
9.998084236846886963e-01
9.989858176284702740e-01
9.996209293346376423e-01
9.994175248776224763e-01
9.991180695712311710e-01
9.998216352897253412e-01
9.996909328982679366e-01
9.996947427399396346e-01
9.977544456269532569e-01
9.988104713019503311e-01
9.989963141855712214e-01
9.988374616875532741e-01
9.981782563622498827e-01
